Breakdown of ST (MLST) by serotype:
Selected options: Display values only. 

ST (MLST)	serotype
	Ccond  [O1]	Cdub 01	Cdub O1	Cdub O1a	Cdub O1b	Cdub O2	Cdub O4	Cmal O1	Cmal O2	Cmal O3	CmalO1CsakO4	CmalO2	Cmuyt O1	Cmuyt O2	Cmuyt O3	Csak O1	Csak O1'	Csak O2	Csak O2'	Csak O3	Csak O4	Csak O7	Csak O:1	CsakO1	CsakO2	CsakO3	CsakO7	Ctur O1	Ctur O2	Ctur O3	Ctur O4	Ctur O:1	Cuni O1	No value	Not found	O1	[Csak O5]	[Csak O6]	[Ctur O2]	Total
No value						2	1	2	1							15		19		7	7	3												413						470
1																135	3	2		3	16	1		1										167		6		1		335
2																																		1						1
3																		11							1									27						39
4																1		185	6	22	8	1			3									192	2		1			421
5																															2			4						6
6								1			3																							1						5
7								2	51			3																						38	3					97
8																32		2		4	2			1										36				1		78
9																		1																						1
10									2																									3						5
11								2		1																									1					4
12																		1		2	20					1								15	1					40
13																		38	7		4													30						79
14																	2																	2						4
15																		2																						2
16																1																		1						2
17																		14							2									28						44
18																																		2						2
19																												2				1		3						6
20																		1		2														5						8
21																13					1													31						45
22																		9																6						15
23																		7																11						18
24																																		5						5
25									1																									2						3
26																																		1						1
27																																		1						1
28																																		2						2
29								1																										1						2
30																																			1					1
31																		14																14						28
32																														1				2						3
33																				1														4						5
35																														2				1						3
37																																		2						2
38																																		1						1
39																																		1						1
40																1				1	16													38						56
41																																		3						3
42																		1																6			1			8
43																																		1						1
44																																		1						1
45																																		1						1
46																				3														3						6
47																																		1						1
48																																		1						1
49																																		1						1
50																3		2																6						11
51																																		1						1
52																																		1						1
53																																		1						1
54																																	3	5						8
55																																		3						3
56																																		1						1
57																1																		1						2
58																		1						2										4						7
59																																	1							1
60								8																										10						18
61																																		1						1
62																																		1	2					3
63																																		1						1
64																		38							1									54						93
65																																		1						1
66																																		1						1
67																																		1						1
68																		1																1						2
69								1																										2						3
70			1																															2						3
72																														2				2						4
73																				1		2					1							10	1					15
74			1																															3						4
76						1																																		1
77		1	2																																					3
78						1																																		1
79				1																														1						2
80						5																												1						6
81														2																				11						13
82																																		1						1
83																						8												35		1				44
84									2																									1						3
85																																		1						1
86																			1																					1
87																																		1						1
88																																		1						1
89																																		1						1
90																																		1						1
91																																		1						1
92																																		1						1
93																																		7						7
95			1																																					1
96																		1																3						4
97																																		1						1
98	1																																	3						4
99																1																		7						8
100																1																		2						3
101																																		1						1
102																																		1						1
103																		1																2						3
104																																		1						1
105																																		1						1
106			1		1																													2						4
107																		1																						1
108																1		1			1																			3
109																		1																						1
110																		1																						1
111																1																								1
112																																		1						1
113																								1										1						2
114																																		2						2
115																																		1						1
116																																		1						1
117																																		3						3
118																																		1						1
119																																		1						1
120																																		1						1
121																																		1						1
122																																		1						1
123																																		1						1
124																																		1						1
125																1	1																	3						5
126																																		1						1
127																														1				1						2
128																																		1						1
129									4																									5						9
130																																		1						1
131																																		1						1
132																																		1						1
133																																		1						1
134																																		1						1
135																																		1						1
136																1		4																11						16
137																																		1						1
138									2																									2						4
139									1																									2						3
140																																		1						1
141																																		1						1
142																																		1						1
143																				2						1								3						6
144																																		1						1
145																																		2						2
146																																		2						2
147																																		1						1
148																12																		16						28
150																																		1						1
151																																		1						1
152																																		1						1
153																																		1						1
154																																		1						1
155																																		15						15
156																																		3						3
157																		1																1						2
158																3																		3						6
159																																		1						1
160																																		3						3
161																																		1						1
162																																		1						1
163						1																												2						3
164																																		1						1
165																																		1						1
166																																		1						1
167						1																												4						5
168																																		1						1
169																																		1						1
170																																		1						1
171																														1				2						3
172																																		1						1
173																																		1						1
174																																		1						1
175																																		1	1					2
176			1																															1						2
177																																		1						1
178																																		1						1
179																																		1						1
180																																		1						1
181																																		1						1
182																																		1						1
183																																		1						1
184																											1							7						8
185																																		1						1
186																																		1	1					2
187																																		1						1
188																1																		4						5
189																																		1						1
190																																		1						1
191																																		1						1
192																																		1						1
193																																		1						1
194																																		1						1
195																																		1						1
196																																		1						1
197																																		1						1
198																					3													3						6
199																																		2						2
200																																		1						1
201									5			2																						9						16
202																																		1						1
203																																		1						1
204																																		1						1
205																																		1						1
206																																		1						1
207																																		1						1
208																						1												1						2
209																																		3						3
211								2																										1						3
212																																		1						1
213						1																												2						3
214																																		1						1
215																																		2						2
216																																		6						6
217																																		6						6
218																		1																						1
219																2								1										4						7
220																																		1						1
221																																		2						2
222																																		2						2
223																																		1						1
224																						2												2						4
225																																		1						1
226																1																		6						7
227																																		2						2
228																																		2						2
229																																		2						2
230																																		2						2
231																					1																			1
232																																		3						3
233																		1																4	1					6
234																																		1						1
235																																		1						1
236																																		1						1
237																																		1						1
238																																		1						1
239																																		1						1
240																																		1						1
241																																		1						1
242																																		1						1
243																																		1						1
245																2																								2
247																																		1						1
248																																		1						1
249																				1														2						3
250																																		1						1
251																												2						1						3
252																												1						2						3
253																																		1						1
255																																		1						1
256																1																		4						5
257																1																		1						2
258									3																									1						4
259																																		3						3
260																1																		2						3
261																		3																						3
262																																		1						1
263																		1																						1
264																		2																						2
265																												3												3
266																				1														1						2
267																		1																						1
268																		1																						1
269																						2																		2
270																																			1					1
271									1																															1
272									1																															1
273						1																																		1
274																																		1						1
275			1																																					1
276													1																											1
277			1																																					1
278									1																															1
279																1																								1
280			1																																					1
281																1				2														1						4
282																		1																						1
283																						1												2						3
284									1																															1
285																																						1		1
286									1																															1
287																		1																1						2
289																																		1						1
291																																		2						2
292																																		1						1
293																																		1						1
294													1																											1
295																																		1						1
296																					1																			1
297																1																		5						6
298																																		1						1
299																												3												3
300										1																								1						2
301																																		1	1					2
302																		2																2						4
303									1																															1
304																		1																						1
305																																		1						1
306																																		1						1
307								1																										2						3
308																									2									4						6
309																																		2						2
310																																		1						1
311																																		1						1
312																																		1						1
313																																		1						1
314																																		1						1
315																																		1						1
316																																		1						1
317																																		1						1
318																																		1						1
319																																		1						1
320																																		1						1
321																																		4						4
322																																		1						1
323																																		1						1
324																																		2						2
325																																		1						1
326																																		1						1
327																																		3						3
328																																		1						1
329																																		1						1
330																																		1						1
331																																		1						1
332																																		1						1
333																																		1						1
334																																		2						2
335																																		1						1
336																																		1						1
337																																		1						1
338																																		2						2
339																																		2						2
340																																		1						1
341						1																																		1
342																												1						1						2
343																																		1						1
344																														1				1						2
345																																		2						2
346						1																												1						2
347															1																									1
348																2																								2
349																														1										1
350																																		2	1					3
352																																			1					1
353																												1												1
354						1																																		1
355						1																																		1
356						1																																		1
357			1																																					1
358			2																																					2
359																														1										1
360						1																																		1
361						1																																		1
362																																		1						1
363																																		1						1
364																																		1						1
365																																		1						1
366																																		1						1
367																																		1						1
368																																					1			1
369																																		1						1
370																																		1						1
371								1																											2				1	4
372																																		1						1
373																																					1			1
374								1																																1
375																																		1	4					5
376																																		1						1
377																																		1						1
378																1																		1						2
379																																		1						1
380																																		1						1
381																																		1						1
382																																		1						1
383																																		1						1
384																																		1						1
385																																		2						2
386																																		1						1
387																																		1						1
388																																		2						2
389																																		12						12
390																																		1						1
391																																		1						1
392																																		1						1
393																																		1						1
394																																		1						1
395																								1										1						2
396																																		1						1
397																																		1						1
398																																		1						1
399																																		1						1
400																																		1						1
401																																		1						1
402																																		1						1
403														1																										1
405																				1																				1
406																		2																						2
407													1																											1
408																																		2						2
409																																		2						2
410																1																								1
411													1																											1
412																																		1						1
413																																		1						1
414																																		1						1
415																																		5						5
416																																		1						1
417																																		1						1
418																																		1						1
419																																		1						1
420																																		1						1
421																																		1						1
422																																		1						1
423																																		1						1
424																																		1						1
425																																		1						1
426																																		1						1
427																																		1						1
428																																		1						1
429																																		1						1
430																																		1						1
431																																		1						1
432																																		1						1
433																																		1						1
434																																		1						1
435																																		1						1
436																																		1						1
437																																		1						1
438																																		2						2
439																																		1						1
440								1																1										5						7
441								1																										1						2
442																																		1						1
443																																		1						1
444																																		3						3
445																																		1						1
446																							1											1						2
447																																		1						1
448																																		1						1
449																																		3						3
450																																		1						1
451																																		2						2
452																																		1						1
453																																		1						1
454																																		1						1
455																																		1						1
456																																		1						1
457																																		1						1
458																																		4						4
459																																		1						1
460																																		1						1
461																																		1						1
462										1																								7						8
463																																		1						1
464																																		1						1
465																																		1						1
466																																		2						2
467																																		1						1
468																																		1						1
469																																		1						1
470																																		1						1
471						1																																		1
472								1																																1
473																													1											1
474						1																																		1
475																1																		3						4
476			2																																					2
477			1																																					1
478																																		1						1
479						1																																		1
481			1																																					1
482																																			1					1
483																																		1						1
484																																		1						1
485																																		1						1
486																																		1						1
487																																		1						1
488																																		1						1
489																																		1						1
490																																		1						1
491																																		1						1
492																																		1						1
493																																		2						2
494																																		9						9
495																1																		1						2
498																																			1					1
500																						1																		1
501																																		1						1
502																														1										1
504									1																															1
506																																			1					1
508																		1																						1
509																		1																						1
510																																	1							1
511								1																																1
512																																	1							1
513																		12																						12
514																		1																						1
515																		1																						1
516																		1																						1
517																																		1						1
518																																		1						1
519																																		1						1
520																																		1						1
521																																		1						1
522																																		1						1
523																																		1						1
524			2																															1						3
525																																		1						1
526																																		1						1
527																																		1						1
528																																		1						1
529																																		1						1
530																																		1						1
531																																		1						1
532																																		1						1
533																																		1						1
534																																		1						1
535																																		1						1
536																																		1						1
537																																		1						1
538																1																		1						2
539																1																								1
540																				2														2						4
541								1																																1
542			1																															2						3
543																						1																		1
544																1																								1
545								1																																1
546																																		2						2
547			2																																					2
548						1																																		1
549			1																																					1
550																																		3						3
551																																			1					1
552																1																								1
553								1																																1
554								1																																1
555																				1																				1
556																2																								2
557																												1												1
559						1																																		1
560																																			1					1
561			1																																					1
562																1																								1
563									1																															1
564																1					1																			2
565																																			1					1
566																		1																						1
567									1																									4						5
568																														1										1
569																																		2						2
570			1																															1	2					4
573									1																															1
574			2																																					2
576			1																																					1
577									1																															1
578			1																																					1
579																																			1					1
581			1																																					1
582						1																																		1
583						1																																		1
584						1																																		1
585								1																																1
586																																			1					1
587																						1																		1
588																														1										1
590																																			1					1
591																																		1						1
592			1																																					1
593																																		2						2
594																																		1						1
595																																		1						1
596																		1																						1
597																					1																			1
598																		1																						1
599																				1																				1
600																		1																						1
601																		2																						2
602																		1																						1
603																																		1						1
604																																		1						1
605																																		1						1
606																																		1						1
607			1																															2						3
608																																		1						1
610																																		1						1
611																																		1						1
612																																		2						2
613																																		2						2
614																												1												1
615																3																								3
616																		1																						1
617									1																									2						3
618																1																								1
619																				1																				1
620																																		2						2
621																																		1						1
622									1																															1
623																																		1						1
624																																		1						1
625																																		2						2
626																																		1						1
627																																		2						2
628																																		2						2
629												1																						2						3
630																																		1						1
631																																		2						2
632																																		2						2
633																																		3						3
634																																		2						2
635																																		1						1
636																																		2						2
637																																		1						1
638																																		1						1
640																																		1						1
641																1																								1
642																																		1						1
643																																		1						1
644																																		1						1
645																																		1						1
646																																		1						1
647																																		4						4
648																																		1						1
649																																		2						2
650																																		1						1
651																																		1						1
652																																		1						1
653																																		1						1
654																																		2						2
655																																		1						1
656																																		1						1
657																																		1						1
658																																		2						2
659																																		1						1
660																																		2						2
661																																		1						1
662																																		1						1
663																																		1						1
664																																		1						1
665																																		1						1
666																																		1						1
667																																		1						1
668																																		1						1
669																																		1						1
670																																		1						1
671																																		1						1
672																																		1						1
673																																		1						1
674																																		1						1
675																																		1						1
676																																		1						1
677																																		1						1
678																																		1						1
679																																		3						3
680																																		1						1
681																																		1						1
682																																		1						1
683																																		1						1
684																																		1						1
685																																		1						1
686																																		1						1
687																																		1						1
688																																		1						1
689																																		1						1
690																																		1						1
691																																		6						6
692																																		2						2
693																																		1						1
694																																		1						1
695																																		1						1
696																																		1						1
697																																		1						1
698																																		1						1
699																																		1						1
700																																		1						1
701																																		1						1
702																																		1						1
703																																		1						1
704																																		1						1
705																																		1						1
706																																		1						1
707																																		1						1
708																																		2						2
709																																		1						1
710																																		1						1
711																																		1						1
712																																		1						1
713																																		1						1
714																																		1						1
715																																		1						1
716																																		1						1
717																																		1						1
718																																		1						1
719																																		1						1
720																																		1						1
721																																		1						1
722																																		1						1
723																																		1						1
724																																		1						1
725																																		1						1
726																																		1						1
727																																		1						1
728																																		1						1
729																																		1						1
730																																		1						1
731																																		1						1
732																																		2						2
733																																		1						1
734																																		1						1
735																																		1						1
736																																		1						1
737																																		1						1
738																																		1						1
739																																		1						1
740																																		1						1
741																																		3						3
742																																		2						2
743																																		1						1
744																																		1						1
745																																		1						1
746																																		1						1
747																																		1						1
748																																		1						1
751																																		10						10
752																									1															1
753																								1																1
754																														1										1
755																																		1						1
756						1																																		1
757																																		1						1
758																																		1						1
759																																		1						1
760																																		1						1
761																																		1						1
Total	1	1	32	1	1	29	1	31	85	3	3	6	4	3	1	254	6	402	14	58	82	24	1	9	10	2	2	15	1	14	2	1	6	2054	35	7	4	3	1	3209

