Breakdown of ST (MLST) by serotype:
Selected options: Display values only. 

ST (MLST)	serotype
	ND	NT	a	b	c	d	e	f	non-b	Total
No value	50	297	7	13	3	1	33	16		420
1		6								6
2		16								16
3		55								55
4			9	2						11
5			1							1
6		5	1	297						303
7					5					5
8					2					2
9					14					14
10						9				9
11		27								27
12		47		1			1			49
13		13								13
14		41								41
15								2		2
16								3		3
17							1			1
18		4					64			68
19		1			2					3
20			3							3
21			1							1
22				2						2
23		2	40							42
24				3						3
25			1							1
26								2		2
27							1			1
28							2			2
29								1		1
30			5							5
31				1						1
32							1			1
33		9								9
34		29						1		30
35		1								1
36		13								13
37		1								1
38		1								1
39		1								1
40		14								14
41		11								11
42		1								1
43		6								6
44				20						20
45				5						5
46		5								5
47						18				18
48				1		1				2
49						1				1
50				2						2
51					2					2
52							1			1
53				12						12
54		2		56						58
55				4						4
56		2	45							47
57	1	101								102
58					1					1
59			1							1
60			1							1
61				2						2
62			18							18
63								1		1
64				1						1
65	1	5								6
66		1					24			25
67							1			1
68							6			6
69							4			4
70		5								5
71		1								1
72		3								3
73		2								2
74		1								1
75		1								1
76		3								3
77		2								2
78				5						5
79				4						4
80				11						11
81				1						1
82						1				1
83				26						26
84		17		1						18
85		5								5
86						1				1
87	1									1
88	1									1
89	2									2
90				1						1
91		1								1
92				41						41
93		2		6						8
94				1						1
95				30						30
96		1								1
97		1								1
98		10								10
99		3								3
100				1						1
101		1								1
102						1				1
103		56								56
104		1								1
105		15								15
106								2		2
107		54								54
108		1		2						3
109				1						1
110				1						1
111		4								4
112		7								7
113		5								5
114				2						2
115				1						1
116				1						1
117				3						3
118		1		5						6
119				2						2
120				2						2
121							9			9
122							5			5
123								5		5
124		9						182		191
125								2		2
126								2		2
127							9			9
128				1						1
129							2			2
130				1						1
131		1								1
132		1								1
133		1								1
134		18								18
135		1								1
136		7		1						8
137		3								3
138		1								1
139		33								33
140		4								4
141		1								1
142		23								23
143		23								23
144		1								1
145		31								31
146		9								9
147		11								11
148		2								2
149		7								7
150		1								1
151		1								1
152		1								1
153		1								1
154		1								1
155		33								33
156		35								35
157		4		2						6
158		1								1
159		21								21
160		37								37
161		14								14
162		1								1
163		5								5
164		2								2
165		37								37
166		4								4
167		1								1
168		2								2
169		1								1
170		3				1				4
171		1								1
172		1								1
173		1								1
174		1								1
175		1								1
176		11								11
177		1								1
178		1								1
179		1								1
180		6								6
181		2								2
182	1	10								11
183		12								12
184		4								4
185		1								1
186		1								1
187		11								11
188								1		1
189				1						1
190				37						37
191		1								1
192		1								1
193		1								1
194		1								1
195		1								1
196		10								10
197		1								1
198		1								1
199		2								2
200		4								4
201		13								13
202		1								1
203		13								13
204		9								9
205		3								3
206				3						3
207		1								1
208		5								5
209				1						1
210		3								3
211		1								1
212		1								1
213		1								1
214		1								1
215		3								3
216				1						1
217				1						1
218				1						1
219				1						1
220				1						1
221				1						1
222				9						9
223				1						1
224				2						2
225				1						1
226				1						1
227				2						2
228				1						1
229				1						1
230				1						1
231				1						1
232				2						2
233		2								2
234		1								1
235		1								1
236		2								2
237		1								1
238		7								7
239		1								1
240		1								1
241		2								2
242		2								2
243		7								7
244		8								8
245		19								19
246		1								1
247		1								1
248		2								2
249		10								10
250		5								5
251							1			1
252		1								1
253		10								10
254		1								1
255		1								1
256		1								1
257		1								1
258		1								1
259		4								4
260		6								6
261		1								1
262		12								12
263		4								4
264		7								7
265		2								2
266		15								15
267		6								6
268				1						1
269		1								1
270		4								4
271		1								1
272		7								7
273		1								1
274		1								1
275		1								1
276		11								11
277		1								1
278		1								1
279		1								1
280		6		1						7
281		1								1
282		2		7						9
283				1						1
284				1						1
285				1						1
286		1		1						2
287				9						9
288				1						1
289				1						1
290				1						1
291				1						1
292				1						1
293				1						1
294				3						3
295				1						1
296				1						1
297				1						1
298		1		1						2
299				1						1
300				1						1
301				1						1
302				1						1
303				1						1
304				1						1
305				1						1
306		1								1
307		1								1
308		1								1
309		1								1
310		1								1
311		2								2
312		1								1
313		1								1
314		1								1
315		1								1
316		1								1
317		1								1
318		1								1
319		1								1
320		1								1
321		13								13
322				1						1
323				2						2
324				1						1
325				1						1
326				2						2
327				1						1
328				2						2
329		1		1						2
330				2						2
332				1						1
333				1						1
334		3		1						4
335				1						1
336				1						1
337				2						2
338				1						1
339				1						1
340		1		1						2
341		1		1						2
342				1						1
343				1						1
344				1						1
345				1						1
346		1								1
347				1						1
348		1								1
349		12								12
350		1								1
351		3								3
352		1								1
353		1								1
354		1								1
355		1								1
356		1								1
357		1								1
358		1								1
359		3								3
360	1									1
361		2								2
362			1							1
363		1								1
364		1								1
365		1								1
366		1								1
367		14								14
368		18								18
369		1								1
370				1						1
371		1								1
372			4							4
373		1								1
374		1								1
375		1								1
376		1								1
378		1								1
379		1								1
380		2								2
381		1								1
382		1								1
383		1								1
384							1			1
385		3								3
386							6			6
387		1								1
388		19								19
389		10								10
390		2								2
391		1								1
392		1								1
393		11								11
394		1								1
395		10								10
396		29								29
397			1							1
398		4								4
399		1								1
400		1								1
401		2								2
402		2								2
403			1							1
404		5								5
405			1							1
406		1								1
407		8								8
408		12								12
409		1								1
410		2								2
411		23								23
412				1						1
413		1								1
414		2								2
415								1		1
416		1								1
417		2								2
418							1			1
419		1								1
420		2								2
421		1								1
422		24								24
423		3								3
424		2								2
425		11								11
426		1								1
427		1								1
428		1								1
429		1								1
430	1	4								5
431		9								9
432		2								2
433		1								1
434		1								1
435	1									1
436	1	6								7
437		1								1
438	1									1
439	1									1
440	1									1
441	1									1
442	1									1
443	1									1
444	1									1
445	1									1
446	1	1								2
447	1									1
448	1	1								2
449	1									1
450	1									1
451	1									1
452	1									1
453	1									1
454	1									1
455	1									1
456	1									1
457	1									1
458	1									1
459	1									1
460	1	1								2
461		1								1
462		1								1
463		1								1
464				2						2
465		1								1
466				1						1
467				1						1
468				1						1
469				2						2
470	1									1
471	1									1
472	1	8								9
473	1									1
474	1	12								13
475				1						1
476				1						1
477		1								1
478		8								8
479		1								1
480		4								4
481		4								4
482		1								1
483		1								1
484		1								1
485		1								1
486		3								3
487		3								3
488		1								1
489		1								1
490		1								1
491		1								1
492		1								1
493		1								1
494		1								1
495		1								1
496		2								2
497		1								1
498		1								1
499		1								1
500		1								1
501		1								1
502		1								1
503		6								6
504		1								1
505		1								1
506		1								1
507		1								1
508		3								3
509		3								3
510		2								2
511		1								1
512		1								1
513		6								6
514		1								1
515		1								1
516				1						1
517		1								1
518		1								1
519		1								1
520		1								1
521		1								1
522		1								1
523		1								1
524		6								6
525		1								1
526		1								1
527		2								2
528							1			1
529			1							1
530		1								1
531		4								4
532		2								2
533		1								1
534		1								1
535		9								9
536		1								1
537		1								1
538		1								1
539		1								1
540		1								1
541		3								3
542		2								2
543		1								1
544		2								2
545							1			1
546		2								2
547				1						1
548		1								1
549		22								22
550		1								1
551		2								2
552		3								3
553		1								1
554		1								1
555		4								4
556		6								6
557			1							1
558		2								2
559		2								2
560		1								1
561				1						1
562				1						1
563				3						3
564				1						1
565		1								1
566		1								1
567		5								5
568		5				1				6
569		1								1
570				1						1
571				1						1
572				1						1
573	1									1
574	1									1
575	1									1
576			20							20
577		1								1
578		1								1
579		1								1
580		1								1
581								1		1
582		3								3
583		2								2
584		6								6
585		1								1
586		5								5
587		1								1
588		1								1
589		6								6
590		1								1
591		1								1
592		1								1
593		9								9
594		3								3
595		1								1
596		1								1
597		8								8
598		1						10		11
599		1								1
600		1								1
601		3								3
602		5								5
603		3								3
604		1								1
605		1								1
606		1								1
607		2								2
608		3								3
609		1								1
610		1								1
611		1								1
612		1								1
613	1									1
614	1									1
615	1									1
616				1						1
617				2						2
618									1	1
619				1						1
620				1						1
621							1			1
622									2	2
623		1								1
624		1								1
625				1						1
626				3						3
627				1						1
628									2	2
629									1	1
630		3								3
631		1								1
632		1								1
633		3								3
634		2								2
635				1						1
636		1								1
637				2						2
638		1								1
639		1								1
640		1								1
641				1						1
642		2								2
643							1			1
644		4								4
645		1								1
646		1								1
647		1								1
648		1								1
649				1						1
650				1						1
651				1						1
652		7								7
653		2								2
654		1								1
655				1						1
656				1						1
657				1						1
658				1						1
659				1						1
660				1						1
661				1						1
662				2						2
663				1						1
664				2						2
665				1						1
666				1						1
667				2						2
668		1								1
669		1								1
670		1								1
671		1								1
672		1								1
673		1								1
674		1								1
675		1								1
676		2								2
677				2						2
678				1						1
679				1						1
680		1								1
681		1								1
682		1								1
683		4								4
684		1								1
685		1								1
686		1								1
687		1								1
688		1								1
689		1								1
690		1								1
691		1								1
692		1								1
693		1								1
694		1								1
695		4								4
696		1								1
697		8								8
698								3		3
699		4								4
700		2								2
701		1								1
702		1								1
703		1								1
704							1			1
705		1								1
706		1								1
707		1								1
708				1						1
709				2						2
710				1						1
711									1	1
712		3								3
713	1									1
714	1	1								2
715	1									1
716	1									1
717	1									1
718	1									1
719				1						1
720		1								1
721				1						1
722				1						1
723			1							1
724				3						3
725				1						1
726				1						1
727		1								1
728				1						1
729				1						1
730				1						1
731				1						1
732				1						1
733								1		1
734		1								1
735		1								1
736				1						1
737		1								1
738				1						1
739		1								1
740				1						1
741				1						1
742		1								1
743		1								1
744				1						1
745		1								1
746		1								1
747			1							1
748								1		1
749				1						1
750				1						1
751				1						1
752				1						1
753		1								1
754				1						1
755		1								1
756							1			1
757		1								1
758		1								1
759		1								1
760		2					1			3
761								1		1
762		1								1
763		1								1
764		2				1				3
765					1					1
766		1								1
767	1									1
768		1					1			2
769		1								1
770		1								1
771		1								1
772					1					1
773							1			1
774							1			1
775			1							1
776		4								4
777		1								1
778	1									1
779	1									1
780	1									1
781	1									1
782	1									1
783	1									1
784	1									1
785	1	1								2
786	1									1
787		1								1
788		1								1
789		1								1
790		1								1
791		1								1
792		1								1
793		1								1
794		1								1
795		1								1
796		1								1
797		1								1
798		1								1
799		1								1
800		1								1
801		1								1
802		1								1
803							1			1
804		1								1
805		1								1
806		1								1
807		1								1
808				1						1
809				2						2
810		2								2
811		1								1
812		1								1
813				1						1
814		1								1
815		1								1
816		1								1
817		1								1
818		1								1
819		1								1
820		1								1
821		1								1
822		1								1
823		1								1
824		7								7
825		1								1
826		1								1
827		1								1
828		1								1
829		1								1
830	1									1
831								1		1
832	1									1
833			1							1
834	1	10								11
835	1	1								2
836	1	24		1						26
837	1									1
838	1	3								4
839	1									1
840	1									1
841	1									1
842	1									1
843		1								1
844		1								1
845		1								1
846		1								1
847		1								1
848		3								3
849		1								1
850							1	1		2
851		1								1
852		1								1
853		1								1
854							1			1
855		1								1
856		1								1
857		1								1
858			1							1
859		1								1
860		4								4
861		1								1
862		1								1
863		1								1
864								1		1
865		1								1
866		1								1
867		2								2
868		1								1
869							1			1
870		1								1
871		1								1
872		1								1
873		1								1
874		1								1
875		1								1
876		1								1
877		1								1
878		1								1
879		4								4
880		1								1
881		1								1
882		2								2
883		1								1
884		1								1
885		1								1
886		1								1
887		1								1
888		1								1
889		1								1
890		1								1
891		1								1
892		1								1
893		1								1
894		1								1
895		1								1
896		1								1
897		1								1
898		1								1
899		1								1
900		1								1
901		1								1
902		1								1
903		1								1
904	1									1
905	1									1
906	1									1
907	1									1
908		1								1
909		1								1
910		1								1
911				1						1
912	1									1
913				1						1
914		4								4
915		1								1
916		1								1
917		2								2
918		2								2
919		2								2
920		1								1
921		4								4
922		1								1
923				1						1
924		1								1
925	2	4								6
926				1						1
927				1						1
928				1						1
929			1							1
930		2								2
931	1									1
932	1	1								2
933	1									1
934	1									1
935	1									1
936	1									1
937	1	1								2
938	2	1								3
939	1									1
940	1									1
941	1	4								5
942	2	3								5
943	2	7								9
944	1									1
945	1	1								2
946	1	4								5
947	1									1
948	1									1
949	1	4								5
950		1		1						2
951				1						1
952		2								2
953		1		1						2
954				1						1
955		1								1
956		1								1
957		1								1
958		1								1
959				1						1
960				1						1
961		1								1
962		1								1
963		1								1
964		1								1
965		1								1
966							1			1
967								2		2
968								1		1
969							1			1
970							1			1
971				1						1
972				1						1
973		1						3		4
974		2								2
975								1		1
976		1								1
977		1								1
978				2						2
979		1								1
980								1		1
981							1			1
982		1								1
983		1								1
984		1								1
985		1								1
986		13								13
987								1		1
988		1								1
989		1								1
990		1								1
991		11								11
992		2								2
993		1								1
994		1								1
995		3		1						4
996		2								2
997		1								1
998		1								1
999		1								1
1000		1								1
1001		1								1
1002		2								2
1003		1								1
1004		1								1
1005		1								1
1006		1								1
1007		1								1
1008		1								1
1009		1								1
1010		1								1
1011		1								1
1012		3								3
1013		1								1
1014		1								1
1015		1								1
1016		1								1
1017		3								3
1018		1								1
1019		1								1
1020		2								2
1021					2					2
1022		1								1
1023		1								1
1024		1								1
1025		3								3
1026		1								1
1027		1								1
1028		3								3
1029		1								1
1030		2								2
1031		1								1
1032		3								3
1033		1								1
1034		9								9
1035			1							1
1036		1								1
1037		2								2
1038		1								1
1039		1								1
1040		2								2
1041		4								4
1042		1								1
1043		2								2
1044		1								1
1045		1								1
1046		1								1
1047		1								1
1048		3								3
1049		1								1
1050		2								2
1051		1								1
1052		1								1
1053		1								1
1054		1								1
1055		1								1
1056		1								1
1057		1								1
1058		1								1
1059		1								1
1060		1								1
1061		1								1
1062		1								1
1063		4								4
1064		1								1
1065		1								1
1066		1								1
1067		1								1
1068		1								1
1069		4								4
1070		1								1
1071				1						1
1072		1								1
1073		1								1
1074		1								1
1075		1								1
1076		1								1
1077		1								1
1078		1								1
1079	1									1
1080	1									1
1081	1									1
1082	1									1
1083	1									1
1084	1									1
1085	1									1
1086	1									1
1087	1									1
1088	1									1
1089	1									1
1090	1									1
1091	1									1
1092	1									1
1093	1									1
1094	1									1
1095	1									1
1096	1									1
1097	1									1
1098	1									1
1099	1									1
1100	1									1
1101	1									1
1102	1									1
1103	1									1
1104	1									1
1105	1									1
1106	1									1
1107	1									1
1108	1									1
1109	1									1
1110	1									1
1111	1									1
1112	1									1
1113		1								1
1114		1								1
1115		1								1
1116		1								1
1117		1								1
1118		1								1
1119		1								1
1120		1								1
1121		1								1
1122		1								1
1123		1								1
1124								1		1
1125								3		3
1126								1		1
1127								2		2
1128				1						1
1129				1						1
1130				1						1
1131		4								4
1132		1								1
1133		1								1
1134		1								1
1135		1								1
1136		1								1
1137		1								1
1138		1								1
1139			1							1
1140		1								1
1141		1								1
1142								1		1
1143		3								3
1144		1								1
1145		1								1
1146		1								1
1147		1								1
1148		1								1
1149				1						1
1150		1								1
1151		1								1
1152		1								1
1153		1								1
1154								1		1
1155		1								1
1156								1		1
1157				1						1
1158		1								1
1159		1								1
1160		2								2
1161		1								1
1162		1								1
1163		1								1
1164		1								1
1165		1								1
1166		1								1
1167		1								1
1168		1								1
1169		1								1
1170		1								1
1171		1								1
1172		1								1
1173		1								1
1174		1								1
1175		1								1
1176		1								1
1177		1								1
1178		1								1
1179		1								1
1180		1								1
1181		1								1
1182		1								1
1183		1								1
1184		1								1
1185		1								1
1186		1								1
1187		1								1
1188								1		1
1189		1								1
1190		1								1
1191		3								3
1192		1								1
1193		1								1
1194		1								1
1195		1								1
1196		1								1
1197		1								1
1198		1								1
1199		1								1
1200		1								1
1201		1								1
1202		4								4
1203		1								1
1204		1								1
1205		1								1
1206		1								1
1207		1								1
1208							1			1
1209		1								1
1210				1						1
1211		1								1
1212		1								1
1213		1								1
1214		1								1
1215		6								6
1216		3								3
1217		1								1
1218		14								14
1219		1								1
1220		3								3
1221		3								3
1222		1								1
1223		3								3
1224		5								5
1225		1								1
1226		1								1
1227		1								1
1228		1								1
1229		1								1
1230		1								1
1231				1						1
1232		1								1
1233		1								1
1234		1								1
1235		1								1
1236		1								1
1237		1								1
1238		3								3
1239		1								1
1240		2								2
1241		1								1
1242		2								2
1243		1								1
1244		1								1
1245		1								1
1246		1								1
1247		1								1
1248		1								1
1249		1								1
1250		1								1
1251		1								1
1252		1								1
1253		1								1
1254		2								2
1255		1								1
1256		1								1
1257		1								1
1258		1								1
1259		1								1
1260		1								1
1261		1								1
1262		1								1
1263		1								1
1264		1								1
1265		1								1
1266		1								1
1267		1								1
1268	1									1
1269		1								1
1270		1								1
1271		1								1
1272		1								1
1273		1								1
1274		1								1
1275		1								1
1276		1								1
1277		1								1
1278		1								1
1279		1								1
1280		5								5
1281		3								3
1282		1								1
1283		1								1
1284								1		1
1285		1								1
1286		1								1
1287		1								1
1288						1				1
1289		1								1
1290			1							1
1291		1								1
1292		1								1
1293		1								1
1294		1								1
1295		1								1
1296		1								1
1297		1								1
1298		1								1
1299								1		1
1300		1								1
1301		1								1
1302		1								1
1303		1								1
1304		1								1
1305		1								1
1306		2								2
1307		1								1
1308		1								1
1309		1								1
1310		1								1
1311		1								1
1312		1								1
1313		1								1
1314		1								1
1316		1								1
1317		1								1
1318		1								1
1319		1								1
1320		1								1
1321		1								1
1322		1								1
1323		1								1
1324		1								1
1325								1		1
1326		3								3
1327	1									1
1328	1									1
1329	1									1
1330	1									1
1331	4									4
1332	2									2
1333	2									2
1334	2									2
1335	2									2
1336	2									2
1337	2									2
1338							1			1
1339	2									2
1340		1								1
1341	2									2
1342		1								1
1343	1	3								4
1344				1						1
1345				2						2
1346				1						1
1347				1						1
1348			1							1
1349				1						1
1350		1								1
1351		1								1
1352			1							1
1353		1								1
1354				1						1
1355		1								1
1356				1						1
1357		1								1
1358				1						1
1359				1						1
1360		1								1
1361				1						1
1362		1								1
1363		2								2
1364				1						1
1365		1								1
1366		1								1
1367		1								1
1368		1								1
1369		1								1
1370		1								1
1371		1								1
1372	1									1
1373	1									1
1374	1									1
1375	1									1
1376		1								1
1377	1	1								2
1378		1								1
1379		1								1
1380		1								1
1381		1								1
1382		1								1
1383		1								1
1384		1								1
1385		1								1
1386		1								1
1387		1								1
1388		1								1
1389		1								1
1390		3								3
1391		1								1
1392		1								1
1393		1								1
1394		1								1
1395		1								1
1396		1								1
1397		1								1
1398		1								1
1399		1								1
1400		1								1
1401	1	4								5
1402		1								1
1403		1								1
1404		1								1
1405		1								1
1406		1								1
1407		1								1
1408		1								1
1409		1								1
1410		1								1
1411		3								3
1412	1									1
1413	1									1
1414	1									1
1415	1									1
1416	1	2								3
1417	1	1								2
1418	1									1
1419	1									1
1420	1									1
1421	1									1
1422	1									1
1423		1								1
1424		1								1
1425		1								1
1426		3								3
1427		1								1
1428		1								1
1429		1								1
1430		1								1
1431		1								1
1432		1								1
1434		2								2
1435		1								1
1436		1								1
1437		1								1
1438		1								1
1439		1								1
1440		1								1
1441		1								1
1442		1								1
1443		1								1
1444		4								4
1445		6								6
1446		1								1
1448				2						2
1449		3								3
1450		1								1
1451		1								1
1452		3								3
1453		1								1
1454		1								1
1455							1			1
1456				1						1
1457		1								1
1458			1							1
1459				1						1
1460		1								1
1461		1								1
1462		1								1
1463		1								1
1464		1								1
1465		1								1
1466		1								1
1467		1								1
1468		1								1
1469		1								1
1470			1							1
1471		3								3
1472		4								4
1474		1								1
1475		1								1
1476		1								1
1477		1								1
1478		1								1
1479		3								3
1480		1								1
1481		1								1
1482		3								3
1483		1								1
1484		1								1
1485		1								1
1486		1								1
1487		1								1
1488		1								1
1489		1								1
1490		1								1
1491		1								1
1492		1								1
1493		1								1
1494		3								3
1495		1								1
1496		1								1
1497		2								2
1498		1								1
1499		1								1
1500		1								1
1501		1								1
1502		1								1
1503		1								1
1504		1								1
1505		1								1
1506		1								1
1507		1								1
1508					1					1
1509		1								1
1510		1								1
1511			2							2
1512		1								1
1513		3								3
1514		1								1
1515		1								1
1516		1								1
1517		3								3
1519	1									1
1520	1	2								3
1521	1									1
1522	1									1
1523	1	1								2
1524		4								4
1525		1								1
1526		1								1
1529		1								1
1548		1								1
1559		1								1
1563		1								1
1564		1								1
1565		4								4
1566		3								3
1567		1								1
1568		1								1
1569		1								1
1570		1								1
1571		1								1
1572		1								1
1573		1								1
1574		1								1
1575		2								2
1576		1								1
1577		1								1
1578		1								1
1579		1								1
1580		1								1
1581		1								1
1582		1								1
1583		1								1
1584		1								1
1585		1								1
1586		1								1
1587		1								1
1588		1								1
1589		2								2
1590		1								1
1591		2								2
1592		1								1
1593		2								2
1594		1								1
1595		1								1
1596		1								1
1597		1								1
1598					1					1
1599		1								1
1600	1									1
1601	1									1
1602	1									1
1603	1									1
1604	1									1
1605	1									1
1606	1									1
1607	1									1
1608		2								2
1609		1								1
1610		1								1
1611		2								2
1612		2								2
1613		1								1
1614		1								1
1615							1			1
1616		1								1
1617	1									1
1618	1	3								4
1619	1									1
1620		1								1
1621		2								2
1622		3								3
1623		1								1
1624		1								1
1625		1								1
1626		1								1
1627		1								1
1628		2								2
1629		1								1
1630		1								1
1631		1								1
1632		1								1
1633		1								1
1634		2								2
1635		1								1
1636		1								1
1637		4								4
1638		1								1
1639		1								1
1640		1								1
1641		1								1
1642		4								4
1643		1								1
1644		1								1
1645		4								4
1646		1								1
1647		1								1
1648		1								1
1649		1								1
1650		1								1
1651		1								1
1652		2								2
1653		2								2
1654		1								1
1655				2						2
1656		1								1
1657				1						1
1658		1								1
1659		2								2
1660	1									1
1661	1									1
1662	1									1
1663				5						5
1664		1								1
1665		2			1					3
1666		2								2
1667	1									1
1668	1									1
1669		1								1
1670		4								4
1671		2								2
1672		1								1
1673		1								1
1674		1								1
1675	1									1
1676	1									1
1677	1									1
1678		1								1
1679		1								1
1680		1								1
1681		2								2
1682		1								1
1683		3								3
1684		1								1
1685		1								1
1686		2								2
1687		2								2
1688							2			2
1689		2								2
1690		2								2
1691							2			2
1692		2								2
1693		1								1
1694		1								1
1695		1								1
1696		1								1
1697		1								1
1698		1								1
1699		1								1
1700		1								1
1701					2					2
1702				1						1
1703				1						1
1704				1						1
1705		1								1
1706		1								1
1707		1								1
1708		2								2
1709		2								2
1710		2								2
1711		2								2
1712		2								2
1713		2								2
1714		5								5
1715		2								2
1716		2								2
1717		3								3
1718		2								2
1719		2								2
1720		1								1
1721				2						2
1722				1						1
1723		1								1
1724			1							1
1725		2								2
1726		1								1
1727		1								1
1728		1								1
1729		1								1
1730		1								1
1731		1								1
1732		1								1
1733		1								1
1734		1								1
1735		1								1
1736		2								2
1737		1								1
1738		1								1
1739								2		2
1740								2		2
1741		1								1
1742		1								1
1743		1								1
1744			1							1
1745		1								1
1746		1								1
1747		1								1
1748		1								1
1749		1								1
1750		1								1
1751		2								2
1752		2								2
1753							4			4
1754		2								2
1755			2							2
1756				2						2
1757								2		2
1758							2			2
1759		2								2
1760			2							2
1761		2								2
1762		1								1
1763		1								1
1764		1								1
1765		1								1
1766		1								1
1767			1							1
1768		1								1
1769		1								1
1770						1				1
1771	1									1
1772	1									1
1773	1	1								2
1774		1								1
1775		1								1
1776		1								1
1777		1								1
1778		1								1
1779		1								1
1780		3								3
1781		1								1
1782		1								1
1783		2								2
1784		2								2
1785			3							3
1786			1							1
1787		1								1
1788		1								1
1789		1								1
1790		1								1
1791				1						1
1792		1								1
1793								2		2
1794		2								2
1795						1				1
1812		1								1
1813		1								1
1814		2								2
1815		1								1
1816		1								1
1817		2								2
1818		2								2
1819		2								2
1821		1								1
1827		1								1
1828			1							1
1829		3								3
1830		1								1
1831		1								1
1832		1								1
1833		1								1
1834				1						1
1835		1								1
1836		2								2
1837		1								1
1838		1								1
1839		1								1
1840		1								1
1841		1								1
1842		1								1
1844		1								1
1845		1								1
1846		1								1
1847		1								1
1848		1								1
1849		1								1
1850		2								2
1851		1								1
1852		1								1
1853		2								2
1854		4								4
1855		1								1
1856		1								1
1857		1								1
1858		1								1
1859		1								1
1860		4								4
1861		1								1
1862		1								1
1863								1		1
1864								1		1
1865								1		1
1866					1					1
1867					1					1
1868				1						1
1869								1		1
1870					1					1
1871								1		1
1872		1								1
1873		1								1
1874		1								1
1875		1								1
1876		1								1
1877		6								6
1878		1								1
1879		1								1
1880		1								1
1881		1								1
1882		1								1
1883		1								1
1884		1								1
1885		1								1
1886								7		7
1887								1		1
1888								1		1
1889		1								1
1890		1								1
1891		1								1
1892		1								1
1893		1								1
1894		2								2
1895		1								1
1896		1								1
1897		1								1
1898		1								1
1899		2								2
1900		1								1
1901		1								1
1902		1								1
1903		1								1
1904		3								3
1905		1								1
1906		2								2
1907		3								3
1908		2								2
1909		2								2
1910		2								2
1911		1								1
1912		1								1
1913		1								1
1914		1								1
1915		1								1
1916		1								1
1917		1								1
1918		1								1
1919		1								1
1920		1								1
1921		1								1
1922		1								1
1923		1								1
1924		1								1
1925		1								1
1926		1								1
1927		1								1
1928		1								1
1929		1								1
1930		1								1
1931		1								1
1932		1								1
1933		1								1
1934		1								1
1935		1								1
1936		1								1
1937		1								1
1938		1								1
1939		1								1
1940		1								1
1941							1			1
1942		1								1
1943		1								1
1944		1								1
1945		1								1
1946		1								1
1947		1								1
1948		1								1
1949		1								1
1950		1								1
1951		1								1
1952		1								1
1953		1								1
1954		1								1
1955		1								1
1956		1								1
1957		1								1
1958								1		1
1959		1								1
1960		1								1
1961		1								1
1962		1								1
1963		1								1
1964		1								1
1965		1								1
1966		1								1
1967		1								1
1968		1								1
1969		1								1
1970		1								1
1971		1								1
1972		1								1
1973		1								1
1974		1								1
1975		1								1
1976		1								1
1977		1								1
1978		1								1
1979		1								1
1980		1								1
1981		1								1
1982		1								1
1983		1								1
1984		1								1
1985		1								1
1986		1								1
1987		1								1
1988		1								1
1989		1								1
1990		1								1
1991		1								1
1992		1								1
1993		1								1
1994		1								1
1995		1								1
1996		1								1
1997		1								1
1998		1								1
1999		1								1
2000		1								1
2001		1								1
2002		1								1
2003		1								1
2004		1								1
2005		1								1
2006		1								1
2007		1								1
2008		1								1
2009		1								1
2010		1								1
2011		1								1
2012		1								1
2013		1								1
2014		1								1
2015		1								1
2016		2								2
2017		1								1
2018		1								1
2019		1								1
2020		1								1
2021		1								1
2022		1								1
2023		1								1
2024		1								1
2025		1								1
2026		1								1
2027		1								1
2028			1							1
2029		1								1
2030		1								1
2031		7								7
2032		1								1
2033							1			1
2034		1								1
2035		1								1
2036		1								1
2037		1								1
2038		2								2
2039		1								1
2040		1								1
2041		1								1
2042		1								1
2043		1								1
2044		1								1
2045		1								1
2046		1								1
2047		1								1
2048		1								1
2049		1								1
2050		1								1
2051		1								1
2052		1								1
2053			9							9
2054		1								1
2055		1								1
2056		1								1
2057			1							1
2058								1		1
2059		1								1
2060			1							1
2061		1								1
2062		1								1
2063			1							1
2064			1							1
2065				1						1
2066		1								1
2067		1								1
2068		1								1
2069		1								1
2070		1								1
2071		1								1
2072		1								1
2073		1								1
2074		1								1
2075							1			1
2076		1								1
2077							1			1
2078		1								1
2079		1								1
2080		1								1
2081			1							1
2082		1								1
2083		1								1
2084		1								1
2085		1								1
2086		2								2
2087			1							1
2088								1		1
2089		1								1
2090		1								1
2091								1		1
2092		1								1
2093		1								1
2094		1								1
2095		1								1
2096		1								1
2097		3								3
2098		1								1
2099		1								1
2100		1								1
2101		1								1
2102		1								1
2103		1								1
2104		1								1
2105		1								1
2106		1								1
2107		1								1
2108		1								1
2109		1								1
2110		3								3
2111		3								3
2112		1								1
2113				1						1
2114		1								1
2115				1						1
2116				1						1
2117			1							1
2118		1								1
2119		1								1
2120								1		1
2121		1								1
2122		1								1
2123		1								1
2124		1								1
2125		1								1
2126		1								1
2127		1								1
2128		1								1
2129		1								1
2130		1								1
2131		1								1
2132		1								1
2133								1		1
2134		1								1
2135		1								1
2136		1								1
2137		1								1
2138		1								1
2139		1								1
2140								1		1
2141		1								1
2142		2								2
2143		2								2
2144		2								2
2145		4								4
2146		1								1
2147		2								2
2148		2								2
2149		2								2
2150		2								2
2151		2								2
2152		2								2
2153		2								2
2154		2								2
2155				1						1
2156		2								2
2157		1								1
2158		1								1
2159				1						1
2160		1								1
2161			1							1
2162			1							1
2163		1								1
2164		1								1
2165		1								1
2166		1								1
2167	1									1
2168	1									1
2169	1									1
2170		1								1
2171		1								1
2172			1							1
2173		1								1
2174		1								1
2175		1								1
2176		1								1
2177		1								1
2178		1								1
2179		1								1
2180		1								1
2181		1								1
2182		1								1
2183		1								1
2184		2								2
2185		1								1
2186		1								1
2187		1								1
2188		1								1
2189		1								1
2190		1								1
2191		1								1
2192		1								1
2193		1								1
2194		1								1
2195		1								1
2196		1								1
2197		1								1
2198		1								1
2199		1								1
2200		1								1
2201								1		1
2202		1								1
2203		1								1
2204		1								1
2205		1								1
2206		1								1
2207		1								1
2208		1								1
2209		1								1
2210		1								1
2211		1								1
2212		1								1
2213		1								1
2214		1								1
2215		1								1
2216		1								1
2217		1								1
2218		1								1
2219		1								1
2220		1								1
2221		1								1
2222		1								1
2223		1								1
2224		1								1
2225		1								1
2226		1								1
2227		1								1
2228		1								1
2229		1								1
2230		1								1
2231		1								1
2232		1								1
2233		1								1
2234		1								1
2235		1								1
2236		1								1
2237		1								1
2238		1								1
2239		1								1
2240		1								1
2241		1								1
2242		1								1
2243		1								1
2244		1								1
2245		1								1
2246		1								1
2247		1								1
2248		1								1
2249		1								1
2250		1								1
2251		1								1
2252		1								1
2253		1								1
2254		1								1
2255		1								1
2256		1								1
2257		1								1
2258		1								1
2259		1								1
2260		1								1
2261		1								1
2262		1								1
2263		1								1
2264		1								1
2265		1								1
2266		1								1
2267		1								1
2268		1								1
2269		1								1
2270		1								1
2271		1								1
2272		2								2
2273				1						1
2274		1								1
2275		1								1
2276		1								1
2277		1								1
2278		1								1
2279		1								1
2280		1								1
2281		1								1
2282		1								1
2283		1								1
2284		3								3
2285		1								1
2286		1								1
2287		1								1
2288		1								1
2289		1								1
2290		1								1
2291		1								1
2292		1								1
2293		1								1
2294		1								1
2295		1								1
2296		1								1
2297		1								1
2298		1								1
2299		1								1
2300		1								1
2301		1								1
2302		1								1
2303		1								1
2304			4							4
2305		2								2
2306		1								1
2307		1								1
2308		1								1
2309		1								1
2310		1								1
2311		1								1
2312				1						1
2313		1								1
2314		1								1
2315		1								1
2316		1								1
2317		1								1
2318		1								1
2319		1								1
2320				1						1
2321		1								1
2322	1									1
2323		1								1
2324		1								1
2325		1								1
2326				1						1
2327				1						1
2329		1								1
2330		1								1
2332		1								1
2333		1								1
2334								1		1
2335			1							1
2336		1								1
2337				1						1
2338				1						1
2339		1								1
2340		1								1
2341		1								1
2342		1								1
2343		1								1
2344		1								1
2345		1								1
2346								1		1
2347				1						1
2348				1						1
2349		1								1
2350		1								1
2351		1								1
2352		2								2
2353		1								1
2354								1		1
2355		1								1
2356		1								1
2357		1								1
2358		1								1
2359		1								1
2360		1								1
2361								1		1
2362		1								1
2363		1								1
2364				1						1
2365		1								1
2366								1		1
2367		1								1
2368		1								1
2369		3								3
2370		1								1
2371		1								1
2372		1								1
2373		1								1
2374		1								1
2375		1								1
2376		1								1
2377		1								1
2378		1								1
2379		1								1
2380		1								1
2381		1								1
2382		1								1
2383		1								1
2384		1								1
2385		7								7
2386		3								3
2387		1								1
2388		1								1
2389		1								1
Total	259	4052	215	883	41	39	209	299	7	6004

